上方：
  position: 
      x: 20.630713897970924
      y: -8.161299725636162
      z: 0.0

