x: 0.02532117068767548
y: -0.01764643378555775
yaw: 0.009826639667153358
shutdown:
  x: 0.2537558674812317
  y: -0.01391981076449156
  yaw: -0.05505651235580444