x: 5.167136669158936
y: 11.35378170013428
yaw: 3.133009433746338
shutdown:
  x: 5.171203136444092
  y: 11.35361194610596
  yaw: 3.132904529571533