x: 0.8409806489944458
y: 16.68318748474121
yaw: 0.03578553348779678
shutdown:
  x: 0.8436670303344727
  y: 16.68226432800293
  yaw: 0.03908722102642059