x: 19.01604080200195
y: 0.4886537194252014
yaw: -1.057382822036743
shutdown:
  x: 19.26727485656738
  y: 0.01840979978442192
  yaw: -1.065254688262939