x: 5.385683146227408
y: 3.930470705897289
yaw: 0.8792205771548541
shutdown:
  x: 5.385683146227408
  y: 3.930470705897289
  yaw: 0.8792205771548541