x: 1.600042821002707
y: 0.5397380703489286
yaw: -0.05653652398100276
shutdown:
  x: 1.928033703785592
  y: 0.739397662147063
  yaw: -0.04909662126437186