x: 0.01220837701112032
y: -0.03697777539491653
yaw: 0.002675055060535669
shutdown:
  x: 2.382690906524658
  y: 20.51315498352051
  yaw: -1.165089845657349