x: 8.8323
y: 4.499099999999999
yaw: -0.5094859365597175
shutdown:
  x: 8.82278003527345
  y: 4.489952723238833
  yaw: -0.5300140115500921