x: 456.2093505859375
y: -10.50921630859375
yaw: -1.410006046295166
shutdown:
  x: 456.2792663574219
  y: -10.50819492340088
  yaw: -1.40757143497467